20
0 0 1,07047
0,713644 0 0,797878
-0,356822 0,618034 0,797878
-0,356822 -0,618034 0,797878
0,797878 0,618034 0,356822
0,797878 -0,618034 0,356822
-0,934172 0,381966 0,356822
0,136294 1 0,356822
0,136294 -1 0,356822
-0,934172 -0,381966 0,356822
0,934172 0,381966 -0,356822
0,934172 -0,381966 -0,356822
-0,797878 0,618034 -0,356822
-0,136294 1 -0,356822
-0,136294 -1 -0,356822
-0,797878 -0,618034 -0,356822
0,356822 0,618034 -0,797878
0,356822 -0,618034 -0,797878
-0,713644 0 -0,797878
0 0 -1,07047
30
0 1
0 2
0 3
1 4
1 5
2 6
2 7
3 8
3 9
4 7
4 10
5 8
5 11
6 9
6 12
7 13
8 14
9 15
10 11
10 16
11 17
12 13
12 18
13 16
14 15
14 17
15 18
16 19
17 19
18 19